TS1	TS2	TS3	TS4	TS5
-3.837643645	-0.752211385	0.331683538	3.112554826	5.553020569
-3.927881481	-0.924116056	-0.903497622	3.239381459	6.225058543
-3.990540615	1.850777377	-1.584597238	2.971596037	5.442647947
-4.73951194	1.95990888	-1.777158884	3.715931864	4.858712173
-3.669811558	-0.013603153	-1.811634392	2.877296379	3.148103273
-4.762312854	0.007581564	-2.200276884	2.286665388	4.450210326
-2.371897353	-1.352797499	-2.562146909	1.614453456	3.437597587
-2.014740773	-1.13857247	-2.386832373	2.223103655	4.915583027
-2.115112157	-0.471652244	-4.251936306	2.70852247	4.622031134
-1.000458437	-1.298667572	-3.696082989	4.470378804	3.152827936
-0.70952309	-0.009236504	-3.349574396	6.579282926	2.843219162
-0.738830847	0.699049538	-2.991612483	7.289179897	1.887651044
-0.740387115	-0.992825977	0.752636511	9.0756692	0.580715195
-0.182511971	-1.64581043	2.785666272	9.694261919	1.894865736
-0.360589814	0.233568685	2.811608277	9.619465685	1.007275839
0.779142364	-0.698593562	0.862332876	9.087386523	-0.116966892
0.816797204	-1.130521885	-0.119089399	9.170974119	-0.419957926
1.052404115	0.904366711	1.494953128	7.364469802	-1.418099812
0.024029166	1.55875306	3.492240664	6.216042437	-2.683453147
-0.064013176	0.18586832	3.333689334	4.510508303	-3.77377546
-0.268283697	-1.607495122	2.206355341	4.594488599	-2.363660365
-0.328806301	-2.127788016	1.286713459	4.912038618	-2.807669002
0.876617032	1.041934564	0.195015581	2.928610028	-2.281441977
1.253940192	3.353973794	0.232788602	3.631297955	-1.878389698
1.882947708	3.107959861	1.248044927	5.059545899	-0.455189081
0.877099384	0.811433346	2.279730406	6.093630834	-0.028835953
-0.183995439	-1.008567788	0.584380255	8.15260609	1.895491972
0.824121194	-0.118910315	-1.625097203	7.256350709	1.179684428
2.721461769	-1.794375693	-3.813886465	8.06932862	0.352014172
3.139267496	-1.746490556	-4.421840589	6.557909348	-0.348498543
2.729143329	2.016805297	-4.092095537	5.561997572	-0.932220643
2.88670138	0.866380139	-3.129267984	5.986371231	-0.734947614
2.993914156	-0.989974828	-0.824268128	5.59255626	0.04613771
3.048351455	0.769507031	-0.125103202	6.532092763	-1.068316139
3.579852871	2.130276655	-0.961920597	5.215205101	0.13293242
2.618612629	0.713805842	-2.266152673	4.757618248	0.016671933
2.239978751	-1.585212582	-3.682895682	4.559266374	0.334001357
2.236184395	-0.498451212	-5.24321258	5.053299369	-0.127275388
0.734064579	2.156395251	-5.280971839	5.618698028	0.951551426
2.596122614	0.15522969	-5.710392744	6.766481805	2.681730465
0.111173056	-2.101046474	-5.233910614	4.907981733	2.370127157
1.262501939	-0.610420448	-4.879388175	4.262461755	2.233310563
1.82100297	-1.261686208	-3.941244691	4.342052238	1.417911381
1.667658206	-2.487234561	-1.03420574	5.743686261	1.754059196
1.879372172	-0.473942851	1.663319186	5.346810342	0.535745073
1.380704975	-1.113710804	1.888926578	5.493565012	1.192485705
2.183695129	0.641222982	1.063108899	5.316280306	2.109538196
1.131573277	1.452048696	1.152676096	5.800602893	1.370732244
1.330683057	-0.715637204	1.71522548	5.260768651	0.229883434
1.129466401	0.58617604	-0.259557832	6.893237042	0.017312501
1.294747982	0.378165167	-0.491312714	7.376789618	0.743639101
2.793408155	0.559746409	0.302633068	7.062128682	1.328695689
2.215902237	-0.07645172	1.778220823	6.394404371	0.47712509
3.210289383	-1.128286513	1.863527262	5.425373534	1.577247302
2.297702997	-0.326435105	-0.778991062	4.549187133	-0.938004501
1.669604624	0.189910963	-1.574901531	4.492398482	-1.604002495
1.296774516	-0.561048464	-0.456081017	4.039497189	-2.648671363
1.000642836	0.85539807	1.77135317	3.542604346	-2.784231934
-0.189222846	-0.434791427	1.839272729	4.336554107	-2.687405645
-0.792219588	-1.661620407	0.77730029	3.535402342	-2.870137084
-0.889613596	1.548228862	-0.124782766	3.958143577	-2.463847774
-2.239093838	1.851817938	1.362749197	1.87206735	-2.99156024
-1.970193818	0.37431169	2.43361422	0.263047762	-3.61756283
-0.729948604	-0.662417153	2.190315025	1.241314046	-3.720619838
-0.882184207	0.6504815	1.689633042	0.637403772	-2.90975338
-2.066766937	0.249709439	-0.652022896	0.998608974	-2.582242396
-1.752946839	1.04783771	-1.687680524	0.388312157	-2.408759731
-1.196925816	1.101956071	-1.375258249	1.277622654	-2.965476651
-1.639039356	-1.560878364	-1.755398179	0.726333248	-2.276933047
-1.778930126	0.867372648	-1.630389624	0.270733558	-0.572983361
-1.506588974	-0.826680757	-0.598999883	0.422539421	-1.896232929
-1.161209877	-2.091374242	-0.187641477	0.791571353	-1.131081875
-1.835406633	1.739524867	0.244931076	-0.246558007	-0.302620755
-1.668673351	0.637482999	-0.016848436	-0.001027316	-0.005286471
-0.920834304	-2.293538332	-2.25594667	-1.222758032	0.849133266
-1.989692875	-0.227637325	-1.98578317	-1.824553056	1.627153906
-3.004933072	0.011792293	0.975579659	-1.314678819	2.160649259
-3.08643376	-0.239276832	3.02344237	-0.383305683	0.411517904
-3.626872234	0.144318679	3.422652851	0.366955199	1.413085112
-4.78877625	0.358677265	2.811340482	-0.850294761	1.189839518
-3.675844853	0.951659502	2.010610951	1.098316035	0.799569305
-4.862988158	0.061538915	-0.403781421	2.658396351	0.412352456
-2.848836853	-1.030525967	-0.482617464	5.505034414	1.455631809
-1.808739901	-2.221972448	-0.268418809	7.553612901	1.22651777
-0.925247219	-1.297165845	-0.368562704	8.288272697	2.073481962
-1.965521349	1.633800137	-0.626460648	7.764080325	0.58479292
-0.42973517	-0.850583432	-1.694352043	6.024331051	1.72564979
0.136755117	-1.092261582	-4.344955345	6.156144866	1.161107324
0.051181648	-0.026284846	-6.600958999	4.885305579	-0.019551804
0.214533737	0.450998911	-5.650961886	3.144789259	0.117168016
-0.562267151	0.248070179	-5.374152491	1.838545835	-0.824370464
-1.68241473	0.632317652	-4.752684105	2.922907629	1.572589849
-2.623388097	-0.537387425	-3.034800335	3.270192106	0.527813177
-1.218062244	-2.530724423	-2.967585342	4.14419243	0.691363393
-2.131108832	2.513810328	-2.069335613	3.93125116	-0.574884587
-0.964758982	0.716641031	-0.034537944	4.496723831	-0.023136559
-2.248508931	-1.506464869	-1.440524174	3.740182513	0.166723344
-1.22445132	-0.500669286	-4.669866071	2.487357947	1.58213889
-1.176900951	-0.756113686	-7.130896583	3.241095218	1.26391923
-2.725932881	0.507578779	-8.941566419	2.926573701	1.177165183
-2.545133587	-0.825762552	-9.222663244	3.049738999	2.062145833
-1.376252974	1.37096233	-9.97356212	3.132816462	1.1734981
-1.924759503	4.06910303	-10.59233318	2.62466465	2.477523634
-2.652592984	1.796372232	-9.11629298	3.083810171	2.779417353
-0.753606018	0.620453728	-6.252309462	2.79796049	2.173757
-0.22559222	1.222345728	-5.59482806	1.227537635	2.859740542
0.790976986	1.143460138	-5.280912418	0.717651315	2.674466052
0.841775652	0.268287838	-3.945837502	-1.02900066	3.256716386
-1.157970957	1.521782171	-3.708388201	0.296857779	4.349040524
-0.800209514	1.328507121	-1.85317806	-1.585430441	3.253654076
0.008810264	-1.915169594	0.298666859	-1.274143636	3.731288981
-0.707036032	0.736557784	2.05362673	-0.998507927	3.277075747
-1.464266275	2.980854593	2.257899873	-1.352509532	2.428323766
-1.332221975	1.041003819	2.920991171	-1.290133785	2.770614751
-1.71050929	-0.245495193	2.197351147	-2.916100375	2.735805427
-1.833854623	0.242917894	1.432982734	-1.937368295	1.667111645
-2.245175226	-0.399569856	2.111034524	-4.527385085	2.736472425
-1.707364668	-1.696725787	1.981192553	-4.498638364	3.071798904
-1.922044138	-1.176795674	0.479912248	-4.873020806	2.43575674
-1.392495969	-0.946011345	-1.005004461	-4.140532045	0.994566708
-0.89476982	-1.538040561	-1.74108305	-5.166744872	0.331973489
-2.751431233	-1.198022543	-1.635220996	-4.197149193	0.404811716
-3.564140434	1.623784024	-1.822628149	-4.911278983	-0.076065232
-3.440698425	0.774753482	-2.514695144	-2.919285312	0.112958447
-2.80962676	-0.761180263	-3.240954568	-0.968264712	2.785711476
-2.645803829	1.169391688	-5.422738266	-1.201996518	1.43254752
-2.805240373	0.868630847	-7.184377288	-0.905694736	1.38474394
-3.254199122	-1.424165	-7.108180311	-0.775154198	1.357147236
-1.74177787	-2.028196694	-6.675729644	0.21340046	1.991584358
-1.054314391	0.417799146	-6.902829058	-0.840680552	1.157578075
-0.584077905	0.708605572	-5.793956363	-0.66969062	2.543398599
-0.487438412	-0.349051849	-4.84319323	-0.357587674	1.109444191
-0.511038534	1.144924683	-6.097609879	0.152164647	0.942047637
0.903353334	-0.449813504	-6.031272926	-0.293183755	0.668284593
0.572955399	-2.723955948	-6.28056565	-0.561756365	0.420490419
0.679052658	-1.124727517	-6.288780015	-0.026110081	-0.011533564
0.743431683	1.26638235	-4.269922101	-0.112010573	1.276730714
0.695038234	0.891092436	-3.364860792	0.11471076	1.852700265
1.837228201	-0.742501837	-4.802619881	0.714435502	0.787984149
1.899272669	-1.052923133	-4.352902737	0.958590154	0.621224446
1.913796002	0.730892869	-2.805479841	3.53027237	0.492407193
1.27941032	2.690180899	-2.34061619	3.411918661	-0.500252982
1.581473726	1.400659759	-2.67963109	3.854397404	-1.833894538
1.148323256	0.091127006	-1.318211703	5.015908945	-0.42293797
0.523587759	-0.378113751	-1.600060781	5.853533963	-0.851075053
3.128705455	-1.16800986	-1.597647733	5.336452814	-0.579322734
2.690763229	-0.154352968	-0.710646009	3.974802211	-0.363783379
3.082518777	2.878277473	-0.515421712	2.001707011	-0.11438708
3.993560385	1.691459467	-1.030174268	1.888099376	-1.089958017
4.236935848	0.207673497	-1.333811724	3.223078407	0.187180646
4.840059711	0.830498468	-0.122319778	3.52928598	1.315995304
5.567684306	-1.778454853	-0.212519058	3.459348102	0.134141116
4.191702361	-1.200195436	0.172806791	2.46840726	0.449774362
2.211438871	1.112506974	-0.559044201	2.94174604	0.807496053
1.700379613	1.774378148	-2.536713721	3.78055894	-0.007168937
2.650533225	1.388634385	-1.706137627	4.931286257	0.734948003
2.877359025	-0.008102666	-1.984067402	4.413324355	0.790747483
3.035272715	-2.049249204	-2.148609487	4.33620323	0.084048424
2.521810132	-1.385308141	-0.434214069	2.301452134	-1.469782978
3.723872874	-0.071080926	-0.058744975	3.697094287	-3.54400639
2.613779388	-0.744939914	-0.989747248	3.526459863	-1.626461972
2.904618188	-0.914706234	-0.897055285	2.848201226	-0.806916596
4.755619652	-0.678519887	-2.305553852	2.035181901	-1.022996945
4.977923977	-0.490745281	-4.37628816	1.332422257	-1.847050567
3.360845854	-0.378192777	-6.441778014	1.270321472	-0.415014376
2.794699282	-1.94529888	-5.921292607	0.868288199	0.010146848
2.465725	-1.540728045	-4.514732409	0.21178172	-3.163006566
0.734935832	-1.242848329	-4.618522677	1.910897845	-3.620470536
-0.154844986	-0.940382242	-3.484378276	1.16354342	-3.557449713
0.238663515	-0.830446376	-2.814387463	0.721276469	-1.966192992
-0.24015913	-0.655529058	-2.734727126	0.565301459	-0.635264445
-0.239864043	-0.70145584	-1.872682762	-0.778462909	-0.654649161
-0.192141005	-0.549990306	0.848820168	-2.298304333	-0.70080763
-1.814690168	1.511642642	1.884072247	-4.056495308	-1.075374637
-1.485066569	0.446119295	0.753092653	-3.762092874	-1.797875518
-1.963555221	0.549892673	-0.548955451	-4.183413618	-1.351374374
-0.380941813	2.679246997	-1.650019835	-3.605935229	-0.414088691
-2.056643074	-0.382608241	-2.283938639	-5.474203093	-0.314287422
-1.129817976	-2.304475486	-1.678806416	-5.148508242	0.669627282
-1.815265644	2.020209544	-2.258702516	-4.799890338	0.687362465
-1.731211883	0.146162818	-2.793508387	-4.501043428	0.213360946
-1.71627792	-1.646210761	-0.67080932	-3.82443585	2.60481581
-1.533023926	-1.055589024	1.13734375	-4.814722999	3.087998106
-2.786437484	-2.329609245	2.207683617	-4.513315141	4.27374767
-1.956840189	1.958531216	2.852326642	-2.680115488	5.136703703
-0.669560099	2.637209755	3.386547143	-2.39962426	2.665189949
-0.295634054	0.864284803	3.819667373	-1.684284268	1.827530271
-1.440372889	0.011528755	4.522202975	-1.958255812	1.705915044
-1.076732502	-1.472982755	3.81472995	-1.088048945	2.275813769
-0.744886037	-1.465079396	1.297665116	-0.919018206	1.10558694
-0.301986012	-0.671227758	1.656856236	-0.558508472	1.857143329
1.584926148	0.451134715	3.683348645	-0.54565726	1.508893346
3.142522201	0.440755251	3.396932215	-0.970268715	1.668242932
2.980364415	0.614414063	3.211649962	-0.599165079	2.857044905
0.477819827	0.337149265	1.947172478	-1.334689686	3.642090734
0.200932209	-0.053380803	1.058941706	-2.164012684	4.123758386
-0.942597511	-0.263025864	0.5582176	-2.369937283	3.199644559
-0.157335016	-0.240295564	0.334782184	-2.70343308	1.689658468
-0.361305858	-0.110865194	1.169958178	-3.658560568	2.232169978
0.824551695	-1.189767646	1.024404482	-5.083960787	2.427208898
0.954644923	-0.189026566	0.570539113	-4.150557639	2.629922391
0.183877634	0.568100129	-0.099640565	-4.343671766	3.569997739
0.383039276	0.851398673	-0.305953115	-5.03761743	3.763332926
2.100606683	-0.550808917	-0.274349039	-5.480889521	1.990904747
1.612058897	-1.293882248	-0.058767103	-3.906205148	1.391012483
3.056292095	-0.464877711	-0.05921306	-4.502665336	1.812909799
3.487256941	0.506665673	0.054909676	-2.385213344	2.298879721
3.527331367	1.059654067	0.016156811	-2.272587431	1.952612378
4.998100345	-0.315105963	0.537173009	-1.068786646	2.25105256
5.423981084	0.631528356	1.148645498	-2.490225748	-0.269604979
2.958738417	2.881400579	2.091452978	-2.226889148	-0.345380546
3.637422008	0.328952282	1.209125862	-3.648360718	1.79434568
1.751471305	-0.975921666	-0.324169393	-3.372896463	1.634788393
3.085615436	-1.809291444	-0.625961734	-4.042572975	3.132935908
4.169985907	-0.766235622	-0.389783553	-2.322261559	3.577049521
4.689722774	-2.488839324	-1.104215141	-3.884851476	3.954489393
5.793655525	-2.178118416	-2.658457958	-3.191325832	4.009613173
3.464588729	-1.208277397	-3.808424926	-4.383415507	2.986413999
1.987329156	0.680979309	-2.138881135	-3.93866797	3.5822815
1.004732593	0.913486415	0.425827772	-2.926199711	5.37040766
0.662901604	-2.101644268	0.644964773	-2.580725206	4.76461451
1.358376564	-0.492459794	-0.369977275	-1.122583423	3.233566365
0.77233168	2.365179866	-0.01619763	0.095803265	2.862419535
2.381021714	0.76212058	0.423341471	2.302626751	3.709806225
1.782567803	-1.252459616	1.366421382	1.600562025	3.64425658
0.840860198	0.642378892	2.959384344	1.523020201	2.757342863
1.350285733	-0.647364611	4.065318296	1.04765935	2.200459512
-1.383427846	-0.053957132	4.421544349	1.490725226	2.448692946
0.194739091	0.733491398	3.380616058	0.695342472	1.20411037
0.128446829	-2.356970468	2.643285212	1.666014646	2.168764114
0.715696456	-2.277730231	1.302441441	2.312297847	3.004452456
-0.280444572	1.769806298	-0.30785659	1.619690183	1.864703997
0.00851914	0.969869817	-0.522833969	0.430166042	2.259133069
-1.052714478	0.324311158	-0.467086137	-0.625806746	3.978720167
-0.470566427	1.798397368	-3.017630728	0.005353746	3.951994978
-0.684901882	1.205873502	-4.552561224	0.654440467	5.855109622
0.333340947	-1.192285413	-3.269586742	0.356200995	6.025876713
1.917017796	-2.490732557	-2.771164196	1.247213422	5.673107821
1.833169695	-2.416157019	-4.598494997	1.014883853	5.744446724
2.00037895	-0.373250356	-5.66103138	3.055139996	6.696191611
3.441413342	-0.566514823	-4.187316695	0.892812418	4.81748643
4.162492746	-3.408520102	-2.641957705	-0.292767665	3.276584988
4.865334792	-0.512489746	-2.100220732	-2.058920837	2.329731158
5.240927762	-0.57422386	-2.396456107	-1.985984772	3.612571496
6.947937165	-1.446307873	-1.974674046	-2.36588482	1.975780907
4.839737654	0.63411002	0.365883766	-1.712917637	-0.374942943
4.305071969	-0.581698355	1.519162012	-1.470166918	-0.677284486
6.432056399	-0.675303586	1.720237956	-2.425998569	0.067200525
6.139779476	1.636594079	2.883137287	-2.200336035	1.043961067
6.042662653	0.866577093	3.847982625	-1.689463833	-0.36842273
6.140206016	0.629331374	4.486068627	-1.205636467	-1.827365337
6.089192232	1.240623634	2.697178409	-2.092839241	-1.330725552
7.453188897	0.847848597	0.649728995	-2.356650436	-1.448737436
7.702089568	-1.388074155	-1.600923105	-2.456437812	-1.088607468
5.940156406	-0.294429854	-1.419674549	-2.279743221	-2.163547476
4.991574847	-0.617396873	-0.161716095	-1.861792782	-1.922945672
5.601035808	-2.092770821	-1.598916868	-0.800071934	-2.948479414
6.150102691	1.771998638	-2.696494877	-0.342460071	-2.597580646
6.042103676	2.139361692	-0.446192985	-0.127976658	-4.142089921
5.104937843	1.302533201	0.828144939	-0.888605816	-3.749729192
5.506467936	1.795060379	0.53393798	-2.821839685	-2.230378199
5.034836459	-0.150101068	1.547298137	-2.045286463	-1.710897912
4.71622634	-0.285735593	1.858176123	-0.998690153	-0.367798651
4.377128622	-0.582753204	1.736418353	0.107023717	-0.137297208
3.526096522	-0.677444017	1.086228222	1.503505256	0.357087351
3.536139042	-0.661026742	1.331055721	1.161037489	0.37173645
1.835032579	-0.636391296	1.178389812	1.246556166	-0.443725229
2.435033193	1.294766186	1.747961412	-0.015091405	-0.861531636
1.722123952	-0.794991615	2.894636577	-0.306028123	-0.67026787
1.469619183	0.741772533	2.419718629	-1.216254349	-2.722458105
1.099650489	1.263798493	2.535119614	-2.743160069	-3.37779361
0.808735011	-1.577686211	4.226280191	-2.380071234	-1.910160221
1.147133053	-0.289523813	5.517290866	-3.049592423	-2.672945585
1.694114629	-0.037570553	5.825194701	-2.950511164	-2.881808895
1.383530659	-0.972831494	5.761961718	-2.355748832	-0.937664253
2.61126253	-1.310731796	4.973236547	-3.117206971	-0.269630191
2.404817396	-0.310797311	4.278036749	-1.662566344	1.117283255
1.34440047	-1.579886518	5.202973394	-2.263876621	-1.517671224
1.618146732	0.439597958	4.788285059	-0.601222787	-0.932709467
0.60814532	2.615715337	4.274330919	0.026566986	-1.606278396
0.859643457	0.014986228	5.090681539	0.116769767	0.784964879
0.520301699	-0.377914518	4.16109661	0.927271997	-1.45833408
-0.257903829	0.559448547	3.386885706	1.914609354	-1.08655969
-1.506036686	-0.234164648	4.852176813	1.42521001	-3.244091511
-2.053572749	-1.398956898	3.377282779	-0.40835887	-2.930147267
-1.638572823	-1.397246925	1.884339766	-0.644489232	-3.913172216
-1.367676002	-0.80995928	1.29765008	-0.838275796	-2.97911257
0.018548159	0.568350545	0.97493277	-2.156290582	-3.355839362
-0.857672256	1.875282648	0.40836331	-3.183852946	-3.136021366
-1.070127733	-0.070464518	-0.498133588	-4.215534811	-1.728309861
-1.541575319	1.999279454	0.722979675	-4.475850326	-0.22648504
-3.071598239	2.490677567	1.875307898	-2.170076168	0.031548444
-2.328940047	0.188622931	2.721994321	-2.880593335	-1.310705506
-2.944850019	0.30162301	3.26578458	-4.112630987	-1.107833712
-2.363950136	-0.066880017	1.714701803	-6.741818595	-1.263028858
-2.898425628	0.400217176	2.278157278	-6.218937932	-0.274863816
-2.229926322	-0.237551359	4.75912496	-4.573092199	-0.3688291
-2.451258654	1.536007667	7.985931457	-5.193553415	-1.08995724
-3.001562824	1.54528335	8.76259791	-5.491838124	-0.655366011
-2.46739993	-0.576850243	6.6921653	-6.179378644	-1.954682671
-2.749396995	-1.753406023	3.3125747	-5.32326131	-2.823424872
-2.606615553	-3.351045562	1.865407321	-4.550973986	-4.736429173
-3.250978741	-2.115364201	1.592631218	-2.945608856	-3.469408547
-4.301273145	0.573522989	2.017883156	-3.673369579	-2.440721623
-2.480459959	2.323419169	3.23997081	-3.080088106	-3.59239412
-2.597362039	1.398644444	3.649151017	-2.419754697	-3.213046954
-3.108910718	-0.169674765	2.657979007	-0.63884761	-4.086458597
-1.278780865	0.155708609	2.528955944	-0.542002765	-4.115368034
-1.178330672	0.859293638	3.125513255	-0.000480566	-4.322839704
0.636735843	1.337137617	1.854956452	2.112223417	-4.163766381
0.107352361	1.845507924	0.913173886	3.411575939	-3.367933508
-1.11938105	3.01303949	0.309449656	3.593904108	-3.934085524
0.877245829	0.818878074	-0.957686291	2.842559947	-3.20918236
1.323073251	-0.405132498	-1.751815654	3.346755674	-1.416589499
3.25135055	2.04196023	-2.599483674	3.18723564	0.463205147
3.310498374	0.325724866	-1.657088662	4.139931619	0.810418726
3.13211652	-0.445898537	-1.076648938	3.38835162	2.117473416
2.614669334	-0.207174651	-2.496494521	3.895786739	2.838773313
2.957850013	-0.160440821	-3.184206321	5.333315842	2.634804751
2.180535868	0.914478894	-3.181301803	6.334593182	2.442660132
3.134686032	1.843034392	-3.651156857	6.384178064	1.210941271
2.303230969	-0.269263431	-3.863099332	6.459152101	1.764147634
1.278337643	-1.670452991	-4.538960325	5.257940033	0.932157408
2.384145349	0.58374046	-3.040950418	4.310003088	0.342400231
1.495616801	-1.054839219	-2.14107988	1.8800773	-1.256725144
1.37977752	-0.576835462	-0.06756738	1.762241836	-0.589814318
1.454028173	1.637757798	3.720043618	1.652853506	-0.541720444
2.233128203	0.134364763	5.453681805	3.44879372	0.229341747
1.177875484	-0.515922387	5.345354393	4.183115387	0.236990388
0.342136354	0.532629947	3.353641916	4.761201715	-0.547886915
1.002506197	0.1622279	0.652610361	3.337045916	-0.446760109
1.039449421	1.40669652	0.040495712	3.404274979	-1.290277788
0.878407466	1.587800716	1.012548162	4.626971247	-0.6590023
1.461073746	1.178619969	0.792228413	4.028297663	-1.271414075
-0.151566582	0.858907189	-0.728193069	2.427083595	-0.661769342
1.295713579	-0.017762184	-1.296790431	1.75047655	-0.600491324
1.060306522	1.116806673	-1.971438161	2.378919379	-0.002170191
1.457492137	-1.277608081	-3.837171039	3.618579246	1.424336778
-0.417711454	-1.001740933	-5.707316097	5.266023389	1.800897027
0.13145098	0.603706598	-5.459264635	5.148131618	0.039094538
-0.982742352	0.375770918	-4.124550566	4.368312734	0.041300261
-1.920789433	-0.448634534	-3.410785871	4.292068531	1.402391777
-1.461554015	-0.736735694	-1.253013434	2.050446555	2.230220233
-1.924325502	0.287768601	0.204636313	3.058440416	2.919603189
-2.125999935	-2.035369093	-2.157573148	3.094379351	2.266322164
-1.372276141	-0.838566078	-2.669947158	2.370699217	0.940967727
1.266243831	0.955953488	-0.843545189	2.47946162	1.130159196
-0.966253877	0.411481098	-1.28269287	1.103070595	-0.80068055
0.472827384	-0.941393293	-2.980962697	0.568232657	-1.087008551
0.381285048	-0.601170694	-2.785723381	-0.25205666	-0.79386585
1.211260099	-0.755872184	-4.996130786	-0.718463934	-0.177498305
0.606576861	-1.415690473	-5.715149757	-0.956836604	0.504897012
-0.347694468	0.571133416	-4.40592885	0.363087449	0.928950702
0.599460405	-1.273510885	-0.890239819	0.626229325	0.492611693
1.130176696	-2.52904763	0.465622447	0.523150305	-1.650605372
-0.096285889	-1.700960135	-0.273861285	-0.83025484	-0.488482544
0.57304051	-1.646439912	-0.118121069	0.510017513	-1.493682498
0.34829965	-0.734361593	-1.516785973	2.342754197	-1.709666076
0.326250181	-1.270720329	-5.055311067	2.62882353	-1.142817844
0.897998747	-1.201628019	-5.411867292	2.888132215	-3.120778671
-0.011471703	-0.084312129	-4.358073056	1.214599093	-1.851789319
-1.807414439	-0.208388497	-5.016098176	0.773177766	-1.985021139
-3.458290139	-0.098509654	-6.177419321	0.75996208	-1.616032726
-4.209454142	0.502455373	-6.152657772	2.081726395	-2.044417744
-3.907871628	0.465054623	-3.968264622	2.710606458	-3.133212948
-2.195507335	1.414417754	-1.765035556	2.552089272	-1.994499431
-1.805869513	0.090810182	-1.923285419	3.578757591	-0.58313006
-2.959485844	0.194433811	-1.393521659	4.165706517	1.756318518
-2.955703562	1.27533215	-0.402091755	3.876648464	0.787124799
-4.180966252	-0.609737661	-2.696185038	4.922499505	-0.882782927
-3.835214956	-1.570856667	-2.99082578	2.838853359	-0.260362942
-4.844016645	0.25499789	-2.696708175	3.581548856	-0.413344329
-4.043123875	0.554744217	-4.524107639	2.019795733	-1.258242945
-2.40005919	-0.125289315	-5.718333435	1.218308693	-2.42097967
-3.15104066	-0.446794913	-4.314126653	1.538592967	-1.995653438
-2.813455671	0.43028127	-3.801807122	0.311632328	-0.120313166
-1.683379418	-0.195048428	-4.788858961	2.281599123	1.466240162
-1.677375629	-0.722749347	-3.795767704	3.031661605	2.035296514
-0.023694933	1.477948522	-3.039762467	3.742019283	2.266654875
-0.454458249	1.381104808	-2.288031311	2.46835081	3.127599816
0.266780984	-1.150636831	-2.006264606	3.330656498	2.735351853
-0.425269346	-1.745370172	-1.905886854	3.645054546	1.697705674
-0.600761795	-1.506978798	-3.951373896	2.461696104	2.480457963
-0.964080093	-0.397651622	-6.040385206	2.168604279	2.370437811
-0.712120811	-1.920767697	-4.937488843	0.082194441	0.228854689
0.598763963	-4.812677639	-3.875758776	-2.352249079	0.09627789
-0.741345882	-1.351780129	-4.23877016	-2.563304965	0.187187497
-1.445305435	1.19973498	-4.305199208	-3.899795821	-0.190947374
0.299944356	0.448017978	-4.875028111	-3.589894363	1.039818407
-0.098215595	-0.604280599	-3.856054458	-4.75880275	1.248773785
-1.102719058	-1.811806748	0.08954336	-5.453187233	1.669193385
-3.172170553	0.047960281	1.688375431	-4.591789455	1.149624118
-1.210497447	0.625378499	1.184918365	-5.573501003	1.213757908
-1.052988334	0.297955863	1.312687824	-5.114057233	-0.930559081
-2.542480393	-0.38153455	1.86689865	-6.113767276	-0.365631234
-1.036969601	0.325885276	2.510061487	-4.106629239	-0.578044091
-2.081003769	2.421856678	3.907877437	-4.419742797	-0.202793015
-2.260653773	0.525315855	3.971495636	-2.194090803	-1.471353646
-0.522106712	-0.803646156	3.381963627	-2.412085418	-0.136825198
-1.380579718	-0.744226345	1.654062101	-1.175060793	-0.680163036
-1.01255343	-0.234770208	1.010770046	0.417252447	-0.283715437
-0.646546327	-1.03824282	2.207850525	0.301783029	-1.218581146
-2.515887512	-1.056249905	2.793368282	0.002158004	-0.555842952
-0.210633853	-0.862819102	3.436367697	-0.780825012	-1.462494834
-2.057559027	-1.758989978	3.222678835	-1.6978827	-0.875005384
-0.940501607	-0.255146878	2.570237431	-2.674269278	0.077233904
-0.513602507	-0.453920294	2.484684439	-1.742083735	-1.813593302
0.008912313	0.520791111	3.268591059	-2.455052096	-2.013023447
1.270959125	2.580222003	3.446843787	-2.804366819	-2.887301755
1.903064317	0.321683975	2.767429985	-2.063881834	-2.230558741
1.65894884	1.191727443	0.615968431	-1.633638847	-2.729589679
1.675580062	1.915775565	-2.493198237	-0.693009722	-4.442302001
2.067594015	0.552658095	-3.546175753	-0.570963946	-3.845536765
1.276797267	-0.264423649	-3.014949879	-0.240694891	-4.039811059
3.428109827	0.130060944	-2.94721393	1.642075517	-4.06978909
1.873531906	1.371322232	-2.558957889	0.806850969	-4.207639617
3.308480447	0.865679561	-3.564776963	0.438673183	-3.464242977
2.336016744	-1.003175031	-4.857784815	-0.654040779	-1.401200883
3.468978829	-0.783171623	-6.327574062	-1.483835912	-2.141145388
3.881533656	0.519990962	-6.660786636	-1.592377473	-1.70190753
3.090880616	0.702624998	-5.320376096	-1.57707576	-1.93520615
3.092898082	0.922165953	-3.858202195	-0.02433469	-1.019843064
3.030986315	0.236364509	-2.215231503	-0.331207546	-1.320417316
1.424262141	-0.752910928	-0.685049783	0.693201469	-3.262697856
2.829674274	-0.503026093	-0.411659592	1.005285625	-1.422092845
1.367253481	0.449990496	-0.175266053	0.59730628	0.373015801
0.835934465	2.11018309	-0.343471553	0.248602975	2.801556513
1.571141046	1.843491026	-2.444410992	-0.670817979	4.720527326
-0.474908368	1.127323006	-2.854018039	-1.71390362	5.539261571
1.512511093	0.066165842	-0.645916864	-1.724201332	4.272182316
0.620393222	1.693038558	0.049904366	-2.313624941	3.077826587
0.321580897	0.747766916	-0.063062127	-0.838651773	3.394992466
0.78410394	-1.237932052	-0.305627805	-0.728406652	0.711797811
-0.436631374	0.097251755	-0.439034983	-1.209277331	0.922306677
-0.694508434	0.339174778	0.997023066	-1.225424784	0.646377911
-0.218035502	2.475078669	1.524986813	0.146898501	1.095881842
-1.615616469	2.883393036	0.934969024	2.968316025	0.999848163
-1.073098731	1.616600228	1.907361432	5.541250119	3.043882584
-0.789578787	0.41223107	2.926806696	6.403841628	1.598134374
-0.295744887	0.171620147	2.2388197	6.967369137	-0.596543958
-0.955053331	-1.267863979	2.072909405	6.930865311	-0.203564635
-0.725887943	-1.19684061	3.07037529	7.538633251	-0.74508488
0.798196983	-0.344695699	4.448186776	7.251522234	-0.964058606
-1.567966346	-0.471809639	4.239488741	7.682159118	0.122241338
-0.70565614	-0.534128064	2.478862297	5.668136219	0.270647454
-1.843028193	-2.003814191	1.738777817	5.132380488	0.31351461
-1.6411931	-2.214683445	2.098879967	4.73304918	-0.01140356
-1.057679228	-1.757435518	2.766993147	5.544302138	2.800396776
-0.138537047	-2.257856066	3.027501601	4.880117377	3.242238945
-1.381067181	-1.25636994	-0.22930399	5.504659922	2.949319444
-1.21866127	-0.993705699	-2.210657503	4.276612721	1.448562529
0.472955072	-1.803605361	-2.447647141	5.646717074	2.32266317
-0.716578439	-1.51230333	-3.851834528	5.592607441	-0.052006353
-0.079015415	-0.48257298	-5.939078783	5.653654126	-0.762570903
-0.053570259	1.14016179	-8.265182	5.813567391	-2.406043979
-0.0873045	0.648653072	-8.417309296	5.243033795	-2.148788922
-0.832463744	-0.308797356	-7.455813121	5.75033534	-3.713025076
-2.158035513	1.171576389	-5.619026046	5.451349756	-2.099277862
-2.657021889	0.908625717	-5.373813602	4.632329586	-3.606940572
-3.075386219	-1.225848937	-7.229643012	2.860116092	-2.364389169
-2.246752274	-0.039252436	-8.123912186	-0.640486391	-1.928293455
-1.246917712	-0.723123651	-7.803177791	-2.938759398	-0.19686966
-2.307599087	-2.608023348	-8.102036012	-4.873866676	0.038837658
-1.157900931	-0.965527443	-11.55576805	-5.506316746	-0.30544906
-2.83290824	1.423200844	-11.88670755	-5.606136678	-0.213473817
-3.528750441	1.245803176	-8.472332404	-6.271419181	-0.793950167
-2.650789483	-1.082179712	-6.358482744	-5.461653795	-2.199907033
-1.940366339	-1.111730547	-7.10744579	-4.011666481	-1.314632444
-0.983265746	1.063779513	-6.694245685	-2.272924915	-1.678397068
-1.608698262	1.026060317	-4.599647932	-1.207204238	-0.615879488
-1.576765521	-0.400473117	-1.700204385	-2.072279552	-1.872365082
-1.948870429	-1.889888955	-1.551113417	-2.469841449	-1.372556179
-2.980864927	-0.552196986	-2.071211867	-5.062253169	-0.145368801
-1.259672361	-0.097229412	-1.329954811	-3.893437942	-0.441749532
-0.525739615	1.130057513	-0.649025879	-5.749758771	0.788470786
-1.938530029	1.709870487	-1.162179796	-5.005604929	1.784134928
0.492232139	0.38720506	-1.544049886	-5.389219282	2.12759581
-0.326408573	1.056812555	-2.131019724	-6.009833944	1.405211498
0.236545751	-1.612119542	-2.976841288	-5.601280848	0.924615705
-0.142497601	-1.428536405	-2.280209568	-5.203068586	2.145763549
0.773321686	1.752831421	-0.30212141	-1.701384464	1.728193945
-0.418254898	1.857156138	0.928698872	-0.596682926	0.339878127
0.706719829	2.046629382	0.117247318	0.309467075	-0.647300484
0.184645182	0.405924389	-0.287262944	0.147014609	-0.682840771
1.276295705	0.980988276	-0.788336719	0.00199103	-0.132354031
0.325095773	0.37628237	-2.391934994	-0.128224091	-0.762126824
-0.472338258	-1.603640576	-4.531211622	-0.645591815	-1.974992593
0.163098772	-0.306636401	-4.39079829	-1.148597815	-3.982626866
-0.347817456	-1.380001316	-3.623367558	-2.567474089	-4.354598674
3.214454151	0.593178788	-3.121625632	-4.02472721	-4.013423461
2.9116274	2.148309002	-3.155427438	-4.589158312	-1.569560751
4.122968459	-1.163597744	-5.097050759	-5.167274542	-1.053076659
4.804355069	-1.732135196	-6.643238721	-4.353927858	0.51753942
3.965531421	-0.193296125	-6.422074462	-6.099906184	0.74371858
3.685234209	1.549222707	-6.462688174	-6.52286358	-0.81167711
2.063127861	1.156877613	-4.634275902	-7.027835012	-1.240784303
2.269682248	-0.610917117	-1.855615728	-6.046106385	-0.954698157
2.636800246	-2.441025284	-2.586510308	-5.189489899	-1.414797083
2.061178043	-2.174331464	-3.007447565	-6.055039617	-1.004401744
1.922907347	-0.575748818	-2.624301897	-6.990728038	-0.486601907
2.984173331	-0.841572336	-2.379885406	-5.827190745	0.168365912
1.204935056	0.523200158	-3.783849408	-3.260021877	0.538550898
-0.611954097	0.008235221	-3.792834708	-1.267794882	1.209231958
0.18890157	-0.675089148	-2.986446246	1.380363841	2.892931774
-0.15658258	0.83241846	-3.44646345	3.567896041	1.468649504
-0.67560968	-2.950279877	-2.768946995	4.897550305	2.28586457
-0.615977356	-1.063342514	-1.778449028	4.263110041	2.972552624
-0.472247149	3.073361562	-1.87601475	3.31563105	1.757650954
-0.470863057	-0.019132356	-2.167533466	2.57380157	3.183890215
-0.490797325	-1.742840924	-0.113737327	1.299347601	2.053550523
-0.271901463	0.55934465	0.22957241	1.033413917	2.072108979
-1.772453102	1.027002304	-0.861612951	1.36759629	1.871666836
-2.439774858	-0.961597361	-2.392764581	0.562141465	1.360445269
-3.566853614	-0.303855792	-1.736544146	0.37151893	-0.022859598
-1.819717221	0.746412987	-0.953737455	-0.931102512	0.21466503
-0.663299163	-0.20178045	-2.758764642	-1.592583086	1.44121046
-3.226130587	1.411917916	-3.359075716	-2.333912109	2.025726334
-2.713496363	0.646289691	-2.033834794	-2.200830606	2.663871233
-3.683461668	-1.00501721	-1.033855908	-0.80383904	2.603804774
-3.199744674	1.500498895	-2.118131572	-1.574895678	2.342595289
-2.31938065	-0.424388406	-2.975522502	-0.915894157	3.080425114
-1.753062232	-2.43694772	-1.79861883	-1.107240727	2.444652701
-0.128742183	-0.178020482	-1.136818355	-1.897864592	2.295073785
-0.400239408	0.520014825	-2.154142433	-2.181361101	2.820835666
-0.190625669	-2.040994683	-3.826161374	-2.053273898	3.719028724
0.362026653	-1.730614094	-5.50186462	-0.972450119	2.541593409
0.602211995	0.363810672	-7.509254378	-0.731504119	1.755139227
0.60085586	-0.253208819	-7.524892112	-0.894973502	0.250672646
1.033267577	-0.248250986	-6.308902576	-0.908044767	-0.344955188
2.631913768	-0.295291158	-4.295100838	-0.547926859	0.634815613
-0.785169296	-0.038802919	-3.663971441	1.447353294	0.768892269
-1.834855029	-1.241594454	-4.331481167	0.74474483	0.657290507
-0.078925187	-1.430578688	-4.069819123	0.335994037	0.337790567
0.783725193	-2.61052287	-3.737525021	0.025497339	2.515780501
0.646849738	-0.438870079	-2.956854876	1.74280313	2.905578446
0.625904881	1.311169834	-3.47218188	1.18346702	3.396205568
2.370866858	-1.507316126	-2.887207839	1.700242129	4.420393583
0.879768242	0.218530047	-2.176688242	1.689137067	3.922143467
0.248487256	1.573549893	-2.086742902	-0.014434103	2.831455707
-0.642030804	-0.010955566	-2.965623461	-0.194445602	1.674089948
0.969890459	-0.132813489	-2.344108291	-0.707635187	0.064870042
-0.217496299	0.678589027	-1.25434021	-0.790266823	-0.698698783
-0.288935326	1.055704256	-2.030374243	-2.459941557	-2.622834119
-1.579630792	-0.263286956	-1.34738677	-3.735748619	-2.195501261
-2.787264365	-0.283112675	-1.202013989	-5.344922856	0.661800707
-3.330230249	1.219201819	-1.755421313	-4.635614315	-0.61103672
-3.800538743	1.36781708	-2.584597459	-4.108849186	-1.527432844
-3.061690657	-1.643279099	-2.518895024	-3.437420608	-0.10198914
-2.831770219	-0.485039126	-2.08039317	-2.813325002	-0.479632688
-3.78961788	0.942861341	-1.848525856	-2.596120288	-1.39912556
-1.896700831	-1.238263324	-0.986671099	-2.966082374	-1.483124079
-1.59120567	-0.556335119	-0.676706892	-3.383211879	-1.860380988
-0.287157994	1.456373168	-1.321613424	-2.173637854	-2.031392356
1.172519001	0.061729706	-0.10516722	-1.796284558	-0.574833479
-1.106652697	-0.823341203	0.124409002	-0.739218719	-1.379864211
-0.782679033	1.117425766	-0.696204734	-0.051329658	-1.895698721
-0.424077108	0.525691745	-0.107368741	-0.808718671	-3.389542452
-0.748854449	-2.161863831	3.397061505	-1.66026597	-1.615035117
-0.686510026	-2.147964449	5.599989662	-2.6119302	-0.699307454
-0.685012671	1.057100958	5.90105009	-2.852973655	-1.670898198
-1.032683221	2.095810727	4.452544799	-2.373067786	-2.379716512
-0.224283336	1.476475839	2.690374213	-2.933258472	-0.477190518
1.029297415	0.021578893	2.376829916	-1.010409775	-0.748141458
1.607510859	-0.376383625	1.922186545	0.213361953	-0.773885765
2.368429377	0.146912411	1.16325037	1.901389537	-0.583600272
1.689553467	-0.811516553	1.94196	3.491174337	1.487070242
-0.009683069	-0.516569236	0.8022018	2.288853963	1.394546916
-0.185129813	0.31959032	0.325512132	2.001334409	0.800543916
1.501635585	0.955306182	-0.10235617	0.022098272	-0.159224607
-0.71819276	-1.807108697	-0.09655099	0.561052922	-2.038791425
-1.01267449	-0.977092735	1.22333643	-0.302562696	-1.187964419
0.017239925	1.509889119	3.965594566	-0.059216737	-1.66774947
0.492896859	0.931709318	4.385294686	-0.415602284	-1.71263704
0.200973203	1.048909245	2.711345093	-1.540959693	-0.466978824
-2.285982308	-0.655800597	1.62921808	0.102740546	-1.15651849
-1.585518316	-1.857483711	-0.34501725	0.769706305	-0.603608318
-0.877148145	-0.050036315	-0.80420899	3.201400235	0.67109722
-0.758564613	-0.406486696	-1.380155831	3.637934841	0.4929154
-1.730782384	-0.276162315	-2.81085081	3.927153217	-2.058904267
-0.290748444	0.973239492	-3.058537309	2.609507753	0.411348123
1.486827732	-0.276787088	-1.177076508	1.339500269	0.722725467
2.17076169	-1.543522615	-0.246210823	1.627139832	2.140268556
0.053661923	-2.447718523	-1.919448059	-1.089281641	1.471322474
1.78055829	-0.585675722	-3.988943354	-0.085512578	0.790676336
1.600872991	-1.233506276	-4.024817967	-0.884628423	0.866105947
-0.197276845	0.041732427	-3.855355428	-0.378273608	-0.67488321
1.576797701	0.513980839	-1.951084047	-0.273639641	-2.347022778
0.114536499	-2.279306848	-0.327052162	0.340769182	-1.68083124
-0.902477702	-0.583105502	-1.747118303	1.424582982	-0.888354836
-0.746863409	1.226178988	-3.168993097	2.400317424	0.569521186
-0.134497631	-0.659426165	-3.936557838	4.010074988	-0.176988914
-0.289226869	-0.213687672	-3.896575882	2.719797286	-0.801830116
-1.253252967	2.158119796	-1.97601152	3.031790806	-1.980259218
-1.037081718	1.071362367	0.221033975	2.729073314	-1.54905189
-0.702286398	0.101202657	0.284206709	1.161752092	-2.046791331
-1.382344636	-0.826758573	0.346610811	-0.845319343	-0.739764681
0.472141721	-0.683458192	1.022951349	0.290302961	-0.211581654
-0.110252836	0.212646948	1.063164756	0.284215158	-1.104785325
0.370179336	0.236633901	-0.254941891	1.956388454	-1.106994324
1.335436541	-1.229752815	-2.255562406	1.198238041	-1.22916881
1.76186498	-1.120904458	-0.911203574	1.335562286	-0.670508606
0.987459571	0.517496527	-0.298096815	-0.510672916	-2.062663902
0.931437534	-0.822129754	-1.405031829	-0.292305099	-1.753293998
1.087755059	-1.29369147	-0.891069133	-1.033181657	-0.910300683
0.58308737	0.436974722	0.452906815	-0.129593603	-0.821014648
1.026769853	-0.651610707	1.240692423	-0.747018592	-0.382281671
1.345232554	-1.510174777	1.208532994	-1.854706392	0.589705711
1.088712894	-0.164123984	0.936632751	-2.586429987	0.555410487
-0.020329786	-1.521833235	1.846572752	-1.760328009	0.067176579
1.536110269	-1.001175839	3.170597822	-2.084108773	0.725036814
1.416567706	0.271654833	4.21296178	-1.367729519	0.819815775
1.784797207	-0.483982977	6.404741777	-3.227295247	0.508778082
1.024405935	0.480874858	7.649588921	-1.414256061	0.935943322
-0.82204079	-0.706547479	8.220258843	-1.353625217	0.399765702
0.436286711	-1.038102939	8.715038216	-2.053073032	-1.235971355
-0.539158889	-1.120416381	7.864213604	-2.171138859	-0.976222668
-1.35776696	-1.401279245	6.470085258	-4.181434851	-2.65236689
-1.083274092	-0.258078051	5.840360308	-3.200710603	-3.370534827
-1.50989805	0.273370939	6.583549043	-3.168963822	-3.208570241
-2.113470279	0.705817029	6.403350762	-2.434110757	-2.963705223
-1.585745351	1.668042203	6.934033587	-4.174012109	-2.005320458
-1.196326667	1.356846089	7.551398541	-3.898191634	-1.211244465
-1.394171857	-0.237707879	6.554492078	-3.155171157	-2.144152151
0.898143529	0.629029509	5.425252648	-2.826228505	-2.33485487
-0.500195411	0.771223185	4.797145484	-4.099358656	-1.951893243
-0.558398109	0.405150929	5.360721471	-4.408072701	-2.005790027
-2.005556966	0.217307278	5.281500827	-2.78768857	-0.728394603
-0.41776633	-2.77327002	4.443439585	-1.834363198	-2.344323334
-0.100308242	-2.471325314	3.566007402	-0.856445566	-2.239893151
-1.114116693	0.022849048	3.704542582	-0.745570461	-2.154507725
1.357613916	1.428568273	3.907597159	-0.632681808	-1.664614666
0.717648755	0.008580984	3.744297899	-1.397221251	-0.764382857
-0.038618034	-3.501705636	3.483351155	-0.950775122	-0.484861118
0.42098646	-1.808120723	1.774180528	1.640117948	0.605958942
0.875383584	-1.289067109	0.948813161	2.336663683	0.372479098
0.631763106	0.305175154	0.057132477	2.908958466	1.958960476
-0.19071975	1.577189096	-1.194340216	1.984704281	1.753301126
1.600481912	-2.343195141	-1.774537184	2.36115877	2.880968677
2.013394213	-0.993862152	0.06132064	2.4006057	3.141358297
1.179895218	0.467354113	1.544752835	1.086703842	3.326095809
2.319426965	-2.717805563	3.813166695	0.434203747	2.566498723
2.473216234	0.594002735	3.066461835	-0.221707606	5.107807664
1.711134145	1.462493905	2.203989646	0.012384401	4.587852664
2.22988158	-1.819927603	3.794062782	0.124565311	5.052142976
4.015808694	-0.653303865	4.501315798	-1.23222164	4.428111742
3.271960299	-0.589753002	2.582365767	-0.112106721	1.877735002
2.644943761	-0.54453277	-0.487889987	-0.211072751	0.325178439
2.390194091	0.828887145	-0.875174359	2.002037686	1.350855806
2.794219823	-1.166440049	-0.236691554	-0.273552539	-0.010487198
4.135096225	-2.048522345	-0.402389513	-0.277628758	-0.025393988
3.692561231	-0.512511578	-1.857543361	-1.998000622	-0.076464204
2.865897094	0.018668731	-1.459705272	-2.079736454	-1.595274114
1.973769231	-0.430518136	-0.253829596	-3.459532522	-2.814218144
3.1215824	-0.076057312	-1.690579516	-4.945521173	-1.146165552
4.110221276	1.320346448	-3.021466095	-6.429564346	-1.65094764
4.464047248	0.562174185	-3.193645548	-6.912415219	-1.568862696
4.810825384	-0.773287458	-2.159708479	-5.877647926	-2.000990038
3.714156822	-1.335284287	-1.178054087	-5.697694896	-2.252524591
3.848044533	-1.794594658	-1.175080226	-5.581748609	-2.847387139
3.030366162	-0.103378606	-2.311561944	-4.124730658	-0.762509085
2.11793646	1.642641996	-1.834921656	-2.419562409	-1.149355807
2.490615109	1.288116088	-3.325568732	-0.04573296	-1.352647983
2.384122499	0.097211294	-3.721316772	1.210670625	-1.631919034
3.836452198	0.033354297	-1.917177279	2.486868113	-0.700581205
3.974851282	-0.2510256	-2.009656165	3.054517931	-0.713884554
3.768945986	0.063967308	-2.871370397	3.812704044	0.113728884
2.107813781	0.647281499	-1.464432076	3.372245146	0.594566449
1.655700664	0.098619798	0.288884986	2.858931334	2.288971791
1.522941153	1.046232663	1.269893718	3.039256252	2.775563162
1.571014061	1.126103619	0.301627441	3.379017928	1.947753176
2.127137862	-1.385142658	-3.44017713	2.303013275	1.529243869
1.485207567	0.356277588	-6.769561016	2.584367165	1.240481781
1.44245049	2.89438818	-6.381816146	3.733777882	1.220967459
2.65794164	0.78054554	-5.653341916	3.695766088	1.74148772
2.756052558	0.217850907	-4.571706308	2.905629633	3.063272436
1.993546423	-0.780512545	-3.3882627	2.878010207	3.367108174
1.786916151	-0.742660132	-3.94978273	0.34833429	5.055480025
-0.003271073	0.375495709	-3.118059859	0.179233947	4.981715858
-0.452563224	-0.259970338	-2.942140133	-0.071352377	3.576009963
-0.804224556	0.202930444	-3.877394768	0.714239359	3.945527309
-0.081773672	-0.338806372	-3.609772624	1.093336725	3.050793651
0.301634785	0.643956988	-2.910055779	1.126478022	3.669599429
-0.477326219	-0.615303081	-3.020981028	1.503229584	3.3122533
0.249264477	-2.707660976	-3.183743617	1.124508897	2.331999952
2.250306765	-0.386032962	-3.433208584	2.004254385	2.748642938
0.648939127	1.973721709	-4.996946526	1.978178617	3.33226957
1.22842143	-0.172091078	-5.094981018	3.030630757	4.015768156
-0.646660221	-0.960780442	-5.644977799	2.430841583	4.000164268
0.637157619	0.079138878	-5.792592504	2.503617796	3.462722253
0.450456826	-0.83574407	-5.763417861	0.853361276	3.519280575
0.384233173	0.979349515	-7.211051467	0.257637666	1.427101893
0.190749808	-0.783205867	-7.832278638	-2.460893153	1.487558843
-0.568965253	-1.951847299	-7.510522137	-1.575991642	1.295295377
0.222771909	0.521419593	-7.304477721	-0.996522301	0.927080381
-0.82066243	-0.402110554	-6.708534306	-0.08937309	0.285809855
-1.679574556	-2.132515558	-6.414517935	-0.984762412	0.854434353
-0.273649359	-0.735121908	-6.217772773	0.188470715	2.29398683
-1.055567567	1.378357278	-6.551501676	-0.67098259	1.897433253
-0.925691404	1.51733507	-6.657800417	-0.329467825	2.35933572
-0.129749187	-2.493866692	-6.058986588	-1.274906617	1.948224127
0.549205875	-0.622732196	-7.01997342	-1.181038177	1.16022937
2.597074982	3.897873463	-7.149367617	-0.44983906	3.008908369
2.618219366	1.633054847	-5.755904104	-1.214941904	2.416101293
2.047320691	-1.155345327	-6.400186611	-1.427348987	1.807780786
3.078501902	-0.69912013	-6.964204281	-1.662261965	1.742746431
2.110662732	-0.623420769	-7.385941583	-3.436252232	1.765271014
2.805645012	-1.374460504	-6.829317434	-3.289201587	1.130014827
2.942233203	-1.196279762	-6.863508578	-3.122032397	-0.128613565
1.555570947	-0.634748004	-6.523428099	-3.728431573	-0.342147632
0.915586689	1.888648762	-4.804258005	-4.521732938	-0.084889583
0.736781225	1.451403882	-2.216499763	-5.696851807	-0.421154384
3.331601574	0.581673849	-2.429072517	-6.383793249	-0.072453061
1.346876092	0.284776078	-3.670246136	-4.219611587	0.818982338
2.958523338	-1.368919693	-3.543295528	-4.502723253	-0.413041087
0.500348795	-0.915491391	-2.458175889	-4.937013177	0.029861142
0.608049979	-1.058121585	-0.96997017	-4.353953694	-1.652396809
0.801141472	-0.475587491	0.277421167	-2.895098126	-0.929249293
-0.312524156	-0.807071868	-1.190682933	-1.576265114	-0.627896219
0.331492068	0.356604466	-1.791841218	0.07682951	1.363446848
-0.047004375	1.086100235	-1.52627756	1.251948407	2.27367519
2.384153936	-0.428323484	0.086868213	1.289091365	3.07383047
3.604657628	-1.920255453	0.263678459	0.153783445	2.552675285
0.987321719	-0.678622792	-0.100612586	-0.955563146	0.199668405
1.153921462	1.65819407	1.883913669	-0.100996872	-0.16455238
1.299182509	1.894333795	2.059727373	-0.368285297	-0.233562937
1.525133033	2.941254842	-0.428583973	-1.235445682	-1.152027213
0.965268808	0.467484925	-0.778925792	-2.480943837	-1.724361256
3.159558989	0.299218139	-0.24487403	-2.666374096	-0.565137206
1.237360894	1.854749011	0.360282607	-1.846123608	1.021336745
0.591704635	1.552054989	1.490878715	-0.012069091	1.423609532
-0.108971712	-1.302906747	2.428744214	-1.39956066	1.157630054
0.230228232	0.308917852	0.799480862	-3.247832755	1.125032598
-1.135340594	2.152127651	-1.91189793	-3.034422946	1.005687821
-1.117518052	0.684196088	-2.624023924	-3.758976944	0.535684284
-0.577116308	1.600933298	-3.73853539	-3.655580226	0.959657781
0.191768549	1.514257498	-4.61859136	-1.240125559	0.228966875
-0.740351243	0.888063493	-6.047702437	0.262305435	-0.632389947
-0.594846009	1.8825515	-7.645718857	1.165523943	0.407661527
-2.041063453	-0.205147014	-6.948707188	0.281971527	-0.074970046
-1.735155039	-0.900118353	-5.376477183	0.68580039	-0.222425994
-1.637284119	2.385184251	-3.811583759	1.199998942	1.254793031
-2.097376904	1.508853256	-3.225998181	0.838643858	2.163785333
-1.45771387	-0.10670073	-2.866804246	2.641620503	1.521889086
-1.154860695	1.137008652	-0.389161222	4.48411234	1.071424835
-2.568038297	0.76971784	0.547401913	5.845692834	1.392998621
-2.060715441	-0.463408178	0.134468355	6.210532713	1.165885136
-1.661421373	0.875860283	1.06324644	6.04154551	1.229942845
-1.450632448	-0.274625701	2.346053719	4.439836002	1.062156954
-2.028357861	-1.221293601	1.678723295	4.941795923	1.321185811
-2.479710387	1.411522014	1.583362943	3.93663443	3.543824341
-2.059708907	0.819639032	1.737867405	3.924374368	3.40558587
-0.656947113	-1.82159647	0.856720506	3.637131951	0.420918762
0.080224803	-0.438663222	1.242264663	0.977943355	0.492087288
-0.168864208	1.287888936	1.804191549	-0.16081829	0.052555202
-0.502345508	0.679896494	2.424962684	-2.460929324	-0.25281627
-0.137855849	0.8899443	2.94250514	-2.233770568	-1.497397523
-0.270253712	-0.137297082	2.346564914	-3.189952565	0.119747534
-0.001759789	-0.022384319	0.105791422	-3.977467785	-1.651421982
0.875903395	0.736463318	0.906356774	-2.91888756	-1.381217074
0.921786434	1.277140189	2.039917567	-5.130343581	-1.894314869
-1.338790526	0.616970788	3.376028247	-3.528961816	-1.794830583
-2.466585424	1.081186277	4.752494273	-4.896238236	0.892891402
-0.132350515	-0.115469193	4.057773378	-4.492936994	2.697045631
-1.320133171	1.857635127	4.303436333	-6.355898628	1.571219606
-0.797302221	1.655546146	4.298398182	-6.384683414	0.127148345
-0.774865031	-0.180898923	4.823936142	-6.721771335	-0.327729993
-1.662435698	-1.502264671	5.983042362	-6.218023207	1.460895778
-0.829136844	-3.264576413	7.289912986	-5.317172627	1.295258204
-0.765204466	-1.033367987	7.569326278	-4.63019634	1.695402809
0.133982568	0.407235017	7.511910411	-5.036385998	2.178713091
-1.031376464	-0.295018996	6.552452791	-4.56063791	1.961310374
-1.726148975	-1.478676321	5.596758497	-5.387116597	1.565508636
-2.44126503	0.145972975	4.268917611	-5.189792905	1.098446466
-1.462505151	0.613188847	2.065670849	-4.796653837	1.937133236
-3.029126853	1.078024141	1.605473642	-5.542718502	2.448855217
-1.790287163	-0.066636432	1.387773041	-3.935878564	2.815252164
-1.929268678	-0.531675806	-0.457510622	-4.143065892	2.662299519
-2.245359937	0.873003427	0.006273952	-3.810083468	3.342667016
-1.613908129	0.450121102	0.088105881	-5.233048377	3.553767357
0.352812396	0.280430476	0.43692972	-5.236040947	2.966616094
0.740243246	1.202243789	2.186537954	-5.216504415	3.021994109
0.910112462	0.278763469	3.870741889	-4.140628065	3.550705357
1.044340286	0.274471928	4.401774521	-4.452150466	3.725677217
1.520694356	1.255862816	3.877057937	-5.080666482	3.810956658
1.62719774	0.911051794	3.761077042	-2.248844891	5.09131162
0.09641767	-0.212379447	2.860184307	0.999800113	3.86617422
-0.283731133	-1.245216904	2.265046452	2.834829419	3.064156629
0.095179407	-1.393966301	1.674924516	2.909057367	2.900645386
0.149909745	-1.343815102	1.40200564	2.749573352	1.111962071
0.79808177	-1.450564633	0.96899781	3.030972175	2.518302769
-0.717339869	1.24822805	0.750393189	1.455708073	3.309432376
-0.529000398	3.226125159	1.037886559	3.642715665	2.358633853
-0.713097328	1.245827094	-1.181481312	3.681324874	2.278959484
-0.401505666	0.141203806	-3.933194345	6.360742441	1.499848893
0.338095191	0.182463439	-5.652320515	5.268444805	0.708758643
2.078487785	1.507735852	-7.777460391	4.593954844	0.573389076
0.350338175	-1.136533257	-9.060735401	3.434035774	-0.605713228
-0.551174302	-1.281437463	-8.512928076	3.929503019	1.340990676
-1.847961285	-0.921798891	-6.510821261	6.355058453	1.842246972
-1.276906797	-1.905278309	-4.835458768	5.338028496	1.855777292
0.691341381	-0.766526559	-4.578869615	4.678235071	1.252258243
-0.234324353	-1.706018286	-5.218338819	3.683296373	1.289346457
-0.088136033	-1.391812422	-6.312737657	4.167246381	0.680754623
0.004410396	-1.489225993	-6.757055424	3.029796997	0.462650974
0.783509347	-0.221442143	-4.723406898	3.270110558	-1.02972597
-1.342371248	0.770495514	-2.969604019	3.258316692	-0.448813747
-0.40845282	1.649357233	-1.87449698	3.774208056	-3.173855463
-0.017367716	2.173087607	-1.961405016	1.339042896	-3.245370433
0.650102298	-0.013408328	-1.163934551	1.507951203	-3.07378684
0.232565162	-1.596004638	-0.199813107	1.678147069	-1.412136028
0.864670959	-0.188777215	-0.19448277	2.571058604	-0.952713454
-0.892274145	-0.000364834	0.508948967	4.25596971	-1.960583191
-0.152866279	-1.942275086	0.631374318	4.460567879	-2.1949118
-0.758619583	0.410881995	-1.629342536	4.224319763	-2.351572917
-0.110707578	0.218148859	-3.1802095	4.21910656	-1.635575266
0.19341493	-0.955305374	-1.661604341	4.676574484	-2.063813993
1.304425654	0.741804377	-0.741445355	5.602169787	0.231947621
0.187111062	0.561227583	-1.082240923	5.405002989	0.973531246
0.990570049	-0.641439949	-0.976761588	6.326851524	0.217667
0.523066836	-0.20617181	-2.084269942	5.22579075	1.950301574
0.104604723	-1.449140656	-2.351287097	4.130982537	0.227532272
0.030644408	-0.489057646	-0.114187256	2.968642399	0.338280892
0.888462915	1.058696897	0.100022512	3.920613794	1.098431561
0.202976348	0.516349814	-0.004600261	3.034095104	1.685767714
1.154891833	0.843351423	-0.118097124	3.571202209	0.639782497
0.982563605	-1.61099384	-0.183250284	3.654877594	0.929029791
3.176818358	0.256952434	-0.859044408	4.028999426	-0.09663616
2.274521387	2.411144489	0.572498913	3.484036379	-0.363906845
2.675348023	-0.4103569	3.384800459	3.968294351	0.261490369
2.775565657	1.983912164	2.812094862	3.413578541	-1.285293418
4.63924852	2.168505232	1.209875005	5.383465902	0.764732999
3.509844793	0.494225433	1.273591026	6.370784338	0.904946711
3.028742012	-0.504445011	-0.331559885	5.877404827	1.840330225
2.519397755	-2.958771913	0.121711049	6.733558302	1.877010632
3.143996279	-0.428919491	2.510512533	5.596493132	1.683428705
2.155489052	0.517429885	2.851585553	6.219702656	0.850282274
2.051736409	1.274215196	2.007592289	5.473590792	1.051906569
1.869112512	0.651704821	0.08997367	5.580147777	0.391476302
2.464448246	-0.095345623	-1.439623922	6.300217689	-0.167760107
1.52521888	1.693931077	-3.451473168	5.49055022	1.211041621
0.071594549	-0.333322116	-5.527125865	5.115671052	1.982296991
1.798232943	-1.608228193	-6.381183958	3.510869964	3.438402601
1.819505628	-0.294903523	-5.172989339	2.659123038	3.449229735
1.876044022	-2.065582974	-3.118741367	1.921347494	2.956518869
1.522866867	-2.537969449	-3.833068451	0.805282866	2.694214555
1.128992858	0.086188437	-4.586859731	0.7404832	2.376244294
1.615593118	0.978583634	-5.36328711	0.895934821	1.161788438
1.065569518	-0.095413506	-7.925340795	1.099824684	2.743330208
-0.298580205	-0.367113906	-8.857759406	2.050861374	1.801319763
-1.22472401	0.726319023	-8.633109721	1.615291212	2.508833187
-0.257160677	-0.882550258	-6.958950365	2.126800217	1.150122614
1.500730926	-2.214938111	-5.305756409	1.660908236	-0.625845995
-1.139104363	-1.882328041	-5.892421458	0.573227973	-2.569930699
-0.681501818	-0.570823994	-6.662744425	1.0824596	-2.462783355
-0.934685196	-0.088349914	-7.272400149	0.690059941	-2.090122491
-1.11914794	0.987491836	-6.558138001	0.546619396	-2.672761563
-0.819963087	-2.3102983	-6.287700752	0.612967853	-1.442279124
-0.871216574	-1.2531131	-4.74255083	2.213751374	-0.970159916
0.243733783	0.308115908	-3.051388312	1.668903912	-0.26111534
-1.038516782	-2.891844922	-0.870588029	2.53575581	0.806837508
0.626886426	-2.438780029	0.678616886	1.129182094	1.696975821
-2.029225213	-2.877714805	-1.423419755	0.038523909	2.035928762
-1.314181715	-0.530050405	-3.059688702	-0.202709423	1.634375298
-1.376496426	-0.505543905	-1.893288251	0.530391131	2.598538998
0.160859349	-3.670986445	-1.214984287	-0.334760938	2.130971424
-1.680989929	-1.653233005	-1.056750331	-0.448254262	1.597084939
-1.537344282	0.653355716	-1.056061857	-1.059226384	1.641672461
-1.496566395	0.816447009	0.48041811	-0.453280464	3.053780581
-0.637020282	0.477531998	0.893919514	-1.070607682	2.754994254
-2.165929929	-1.182684285	1.486691722	-0.313600122	1.417885446
-0.911688897	-1.643294704	0.932604691	-1.745404811	-0.987480585
-1.145257552	-1.488397882	-1.104293286	-1.758419204	-0.923486692
-1.655429581	-2.338644317	0.179910413	-2.799091084	-0.845651838
-2.588231882	-3.410633938	1.906610906	-2.043026289	0.503692962
-0.664131948	-1.557471414	3.222437685	-0.666872925	1.226335802
-1.294886918	0.004057397	3.473207831	0.419838492	1.662845451
-1.58960287	-0.647943356	3.763162467	1.407556806	0.978148678
-0.753058764	0.970617492	0.246773889	0.81018388	-0.779944823
1.703115841	1.780025323	-1.731825719	1.912275176	0.661969511
3.117229548	-0.101931784	-1.608003917	3.906126933	0.874416985
3.11190322	0.432033679	-1.480500893	4.903459207	1.412073969
1.388179131	-0.267152237	-0.559026691	3.667301684	1.103682982
1.621426114	-1.383881961	-0.321829902	2.698434928	2.501815322
2.109875436	-0.421894563	0.715261537	2.583784784	3.339374616
1.326958416	1.917226836	2.007198494	1.995519217	3.586823532
0.113577934	1.717445624	2.193572379	1.374431773	3.508440248
0.326876598	-0.134502709	3.779114246	0.640453863	4.315292454
0.611047993	1.334131742	4.111432314	-1.061434227	2.95381526
0.679779585	-0.088187937	2.137429849	-1.680611112	2.786870942
0.69321354	-0.067708938	0.915495315	-2.003327102	3.431057474
0.985996997	0.118621823	-0.458082976	-3.028251179	5.446878753
-0.422154099	-0.169971738	-0.865484079	-2.576321975	4.302571546
-1.108231174	-0.108704112	-1.014262603	-2.335479021	3.260699027
1.809492438	-1.500418916	-2.199742449	-0.73353704	3.084515581
1.379048986	-0.077734667	-4.572136724	0.632832017	2.131679066
-0.271570149	-0.413753664	-6.085120426	1.890321568	2.75653577
-0.235737735	-1.581600614	-4.643184029	0.893788592	2.284126476
-0.272135725	-0.967828859	-2.202087614	1.460485282	1.653714855
-1.802486491	-0.900222071	-1.093227968	0.502911467	2.655333396
-1.575677607	1.062674656	-0.956590623	2.133103974	3.247833711
-1.914408814	1.906583698	-3.181264617	0.484285052	3.733113969
-1.580412436	0.921156431	-4.16615075	0.626554929	3.92883376
-0.097141472	0.232139086	-3.315077463	-0.174451226	4.665067207
-1.747422805	0.309587071	-4.056688769	1.457042659	4.555098896
-0.955602093	-0.070090961	-3.49603291	1.657766718	3.545057519
-0.052695544	0.948942155	-1.184477745	1.865669096	3.731442231
0.400446185	1.243795321	-1.200868038	3.295389419	3.227747721
1.14726192	-0.050887941	-2.903136402	2.239386945	2.077409579
0.631621413	1.808955806	-2.55662756	2.210383805	1.765219318
-0.428599387	0.714360611	-2.475592489	1.522082192	2.235749542
-1.231920956	-0.015737135	-3.291258435	2.061073596	0.304292625
-2.104441215	2.166828255	-3.161082086	1.593044582	1.565637018
-1.195692652	1.24165444	-4.222975848	0.792896616	2.35517821
-1.884066936	-0.760414803	-5.729531018	0.325104753	2.047217405
-1.098977948	0.135705498	-3.706870219	-0.383091474	1.871453624
-1.456167589	0.315206008	-3.53032582	-1.176392132	1.380101621
-0.837904213	-1.448332529	-2.871896171	-2.200198422	0.166416206
-0.157692488	-1.273191918	-1.487533159	-2.500036192	-1.840792602
1.426195668	-0.223045617	-2.387464419	-3.661763539	-0.368286787
-0.751137988	0.172751267	-2.951478484	-2.120050683	-0.451476605
-0.740722921	1.290986525	-3.199527859	-3.265083819	0.476785792
-2.048134908	-1.335078266	-4.319425909	-2.424998332	0.771138518
-1.464843098	-1.730110653	-5.408632064	-3.769212971	0.583229596
-1.711911682	1.7421276	-5.198939262	-3.520656013	0.638352605
-0.406140745	1.738365104	-4.695609721	-4.45094781	1.877638709
-1.466351063	0.627310404	-5.929273679	-4.79424921	-1.033363392
-0.874678881	-0.066094222	-7.616588621	-4.086142911	-0.97465965
-0.715086817	0.894611575	-7.21407025	-3.510122258	0.165481885
0.794045398	-0.491853272	-7.534318105	-3.361321483	1.951519915
-0.770052987	-1.063219982	-8.386417377	-2.692855652	2.806058111
0.421069768	2.179594135	-8.667047947	-3.116512638	3.345193705
-1.700766189	0.685292793	-6.951550907	-1.548349849	5.354650906
-0.639519661	-1.500073974	-4.956419395	-3.083213682	2.928259842
0.62773803	-1.387694659	-6.103516997	-3.761179564	3.863230104
-0.97277719	1.346145186	-7.181892751	-6.090063415	3.784955303
0.724877738	2.755087509	-7.918169984	-3.629440249	2.507267108
1.231490018	0.435543405	-6.979341302	-3.460398657	3.000404522
1.809465641	-0.706509723	-4.4838543	-2.057222885	4.431933231
1.402739785	-0.734436864	-1.870362496	-1.80846729	4.011431178
1.270088672	0.510209194	1.793840378	-2.207300511	3.668320183
2.313898972	0.260299216	4.510812184	-3.630483435	3.7423504
2.242448467	-0.475242274	2.725666507	-4.156020578	3.276970128
2.561164548	-1.184269822	0.945388675	-2.717115434	1.387977791
2.293743719	-1.399409467	1.380829037	-1.801238489	1.751191386
2.222583953	-0.64196817	2.937086841	-0.650629512	0.034155858
-0.476308621	-0.437149753	3.555069499	-0.30879463	-0.631497681
-0.751460739	-0.319858339	2.348670686	-0.217210557	-0.33937209
-1.78207397	-0.392553872	-0.283905128	-0.467466765	-1.097691603
-2.254363172	0.800183543	-0.568641888	-0.562459174	-1.256782447
-1.386609239	-0.231616811	-0.293755684	-0.587322675	-1.62279995
-1.851090242	-1.692981807	1.204049892	-0.176905521	0.12301714
-1.128701284	-1.334930718	2.03031335	-0.472220401	0.622314422
-1.085779522	-1.628391363	1.359573084	-0.124310988	-0.391776176
-1.420416571	0.293115295	1.309471287	-0.331951571	0.451543687
-0.134567817	0.752315421	2.50700234	-0.356354818	-1.338056039
0.038481143	-0.006986963	3.18561051	0.856287968	-2.068382998
-0.797331878	-0.517434345	1.826639034	1.396411668	-2.984046203
0.03329702	1.111020097	1.454863543	0.548279597	-3.155732551
-0.453762547	1.147156954	1.170209032	-1.294014145	-3.608190711
-0.272537112	-0.844378323	2.167330368	-0.476259041	-3.160678255
0.990456407	0.369952839	3.403404948	-1.564798298	-2.596827021
-0.693073811	1.170797847	3.773994108	-0.451342038	-2.47016095
0.043494433	0.466479058	3.863486144	0.119707811	-3.137896949
0.64423431	-0.559073409	3.102437465	0.853994084	-3.202987049
-0.098504461	-1.489133562	2.125766449	-0.238565348	-1.879119249
1.176120166	0.931191417	1.835343946	-0.516354957	-2.334822323
2.183974126	1.608940154	1.589767734	-0.106078858	-1.397756829
2.252432169	0.103936934	1.532583707	-0.809116596	-1.224869447
1.923924219	1.153001211	1.291666281	-0.94768067	-1.410981454
1.905377802	0.540144829	1.469768647	0.37384089	-0.570890812
0.921776449	-1.214530079	1.411908159	-0.073019012	-0.003369728
1.304561995	0.699391717	-0.199338192	1.047934211	-0.20029092
0.47786812	0.295995781	0.089402884	-0.263600893	-0.527797108
-1.598446558	-1.470885607	2.381003766	-1.298995201	-1.217425977
-0.682804987	1.155157381	2.668032052	0.485332864	0.590965888
-2.094955303	0.395718998	0.620746564	-0.100428323	0.882872653
-0.111907025	-1.016778721	-2.812054594	0.203947211	1.179112592
-1.51124148	-1.423589783	-4.292397653	-0.712644484	0.217333373
-0.020953536	-0.864479167	-3.447744323	-0.804988229	-0.764948511
-0.014751469	-1.305199828	-2.746483194	-0.370628386	-0.873314502
0.665087429	-0.960531153	-2.506745084	0.282854435	0.193808015
-0.554237842	1.750635966	-2.075806265	-0.649478599	-1.01457045
-1.509306652	-0.09244549	-0.985705869	-0.593405977	0.351200792
1.161249609	-0.785567831	-0.456005247	-2.329448847	1.101525721
1.790341982	-0.341085291	0.699512848	-3.623433286	2.094720339
0.731604455	2.255112679	0.199854471	-4.199671425	2.618001855
0.410678024	-0.431396618	-0.779563046	-6.033527416	4.119522122
0.777786222	-3.858120143	-0.646533275	-4.547979076	2.376844818
0.25555432	-0.545926427	-2.046447489	-5.283969263	3.146000993
2.482408611	0.579175651	-2.716705101	-5.354523087	3.24110296
2.309897775	0.795714689	-2.26407154	-4.285465168	2.413654401
2.040009445	-1.087024585	-2.441976613	-4.197819495	3.290828752
2.883157671	-3.046519926	-1.685962497	-2.003681632	3.535276547
2.849592759	-1.032520153	-2.601383844	-1.84943862	4.174421401
2.588833835	2.259619347	-4.949271649	-1.367722469	3.39912101
4.075036408	0.279027824	-4.712758637	0.463757404	1.65744372
3.490366372	0.666986763	-1.978066832	0.168535264	2.066915391
4.290403192	1.595971677	0.158073105	-0.233678533	-0.108635332
2.237453148	-0.32541762	2.028152036	-2.199400687	-0.477541805
1.069067477	-0.223089033	1.982506198	-1.884788343	-1.205821588
